23 23
1 1 1 1 1 1 1 1 1 1 1 1 1 1 1 1 1 1 1 1 1 1 1
1 0 0 0 0 0 0 0 0 0 0 0 0 0 0 0 0 0 1 0 0 0 1
1 0 0 0 0 0 0 0 0 0 0 0 0 0 0 0 0 0 1 0 0 0 1
1 0 0 0 0 0 0 0 0 0 0 0 0 0 0 0 0 0 1 0 0 0 1
1 0 0 0 0 1 1 1 1 1 1 0 0 0 0 0 0 0 1 0 0 0 1
1 0 0 0 0 1 1 1 1 1 1 0 0 0 0 0 0 0 1 0 0 0 1
1 0 0 0 1 1 0 0 0 0 1 0 0 0 0 0 0 0 1 0 0 0 1
1 0 0 0 1 1 0 0 0 0 1 0 0 0 0 0 0 0 1 0 0 0 1
1 0 0 0 1 1 0 0 0 0 1 0 0 0 0 0 0 0 1 0 0 0 1
1 0 0 0 1 1 0 0 0 0 1 0 0 0 0 0 0 0 1 0 0 0 1
1 0 0 0 1 1 0 0 0 0 1 0 0 0 0 0 0 0 1 0 0 0 1
1 0 0 0 1 1 0 0 0 0 1 0 0 0 0 0 0 0 1 0 0 0 1
1 0 0 0 1 1 1 0 0 0 1 0 0 0 0 0 0 0 1 0 0 0 1
1 0 0 0 1 1 1 0 0 0 1 0 0 0 0 0 0 0 1 0 0 0 1
1 0 0 0 0 1 1 1 0 1 1 0 0 0 0 0 0 0 1 0 0 0 1
1 0 0 0 0 1 1 1 1 1 1 0 0 0 0 0 0 0 1 0 0 0 1
1 0 0 0 0 0 1 1 1 1 1 0 0 0 0 0 0 0 1 0 0 0 1
1 2 2 2 2 0 0 1 1 1 1 0 0 0 0 0 0 0 1 0 0 0 1
1 0 0 0 0 0 0 0 1 1 1 0 0 0 0 0 0 0 1 0 0 0 1
1 0 0 0 0 0 0 0 0 0 0 0 0 0 0 0 0 0 1 0 0 0 1
1 0 0 0 0 0 0 0 0 0 0 0 0 0 0 0 0 0 1 0 0 0 1
1 0 0 0 0 0 0 0 0 0 0 0 0 0 0 0 0 0 1 0 0 0 1
1 1 1 1 1 1 1 1 1 1 1 1 1 1 1 1 1 1 1 1 1 1 1
12 10 12 18
16 0 16 6